The solutions of the cubic equation f(x) = 4x^3 + 6x^2 + 9x + 10 = 0 are:
x = -1.27409558e+00 + 0.00000000e+00j	f(x) = 0.00000000e+00 + 0.00000000e+00j
x = -1.12952209e-01 + 1.39621559e+00j	f(x) = 1.77635684e-15 + 1.11022302e-16j
x = -1.12952209e-01 - 1.39621559e+00j	f(x) = 1.77635684e-15 - 1.11022302e-16j
