The solutions of the quartic equation f(x) = 2x^4 + 0x^3 + -2x^2 + -4 x -16 = 0 are:
x = 1.74685404e-01 - 1.54686889e+00j	f(x) = -1.39748323e+00 + 1.23749511e+01j
x = -2.00000000e+00 + 0.00000000e+00j	f(x) = 1.60000000e+01 + 0.00000000e+00j
x = 2.00000000e+00 + 0.00000000e+00j	f(x) = 0.00000000e+00 + 0.00000000e+00j
x = -1.74685404e-01 + 1.54686889e+00j	f(x) = -3.55271368e-15 - 8.88178420e-16j
